% % x = -2.9:0.1:2.9;
% % y = randn(10000 1);
% % figure(1)
% % hist(y x)
%  x = [1 6 1 6 4 4 4 3 1 2 2 3 4 5 4 5 2 6 2 6 2 6];
% [si sj] = ndgrid(1:6);
%  s2 = [si(:) sj(:)]; % combinations for 2 contiguous states
%  tm2 = zeros([numel(si) 6]); % initialize transition matrix
%  for i = 3:numel(x) % construct transition matrix
%    tm2(strmatch(num2str(x(i-2:i-1)) num2str(s2)) x(i))=...
%    tm2(strmatch(num2str(x(i-2:i-1)) num2str(s2)) x(i))+1;
%  end

x = [0 0 0 0 0 1 1 3 5 5 6 6 6 6 7 7 7 6 6 6 6 7 7 6 7 7 8 7 6 7 6 4 2 1 0 0 0 0 2 4 5 6 7 7 8 8 8 8 8 8 7 7 5 3 2 1 2 2 2 2 1 1 2 3 3 5 2 1 2 3 4 5 6 5 5 5 4 2 2 4 4 4 4 6 7 7 7 7 7 5 4 5 5 5 4 3 4 4 5 5 4 4 4 3 3 3 2 2 2 2 3 3 4 4 4 5 5 4 4 4 4 5 5 6 6 6 6 7 6 6 5 4 2 3 4 5 6 6 6 6 6 7 8 8 7 7 7 7 7 7 7 6 5 5 4 3 3 3 4 3 2 1 1 1 1 2 2 3 4 6 7 7 7 7 7 7 8 7 6 5 2 1 2 2 1 0 0 0 0 0 0 0 1 1 0 0 1 1 2 3 4 3 3 2 2 1 1 1 1 0 0 0 0 0 0 0 0 0 0 0 0 0 0 0 0 0 1 1 1 1 2 2 2 2 2 3 3 3 3 3 3 5 6 7 7 7 7 7 7 7 8 8 8 8 8 8 8 8 8 7 7 7 7 7 7 7 8 8 8 7 7 6 6 5 4 3 3 4 3 3 2 1 1 0 0 0 0 1 3 5 6 6 6 6 6 6 5 4 4 3 2 1 2 2 2 1 1 1 0 0 0 0 0 0 0 0 0 2 2 3 5 6 7 7 8 7 8 7 7 8 7 7 8 8 8 8 8 8 8 6 4 3 2 1 0 0 0 0 0 0 0 0 0 0 0 0 0 0 0 0 0 0 2 2 3 3 3 3 4 5 5 4 4 5 5 4 3 2 2 2 2 2 3 4 4 4 4 4 5 6 6 6 6 5 3 3 4 3 2 1 1 0 0 0 0 0 0 0 1 1 2 2 2 3 5 6 6 5 6 6 5 5 5 5 6 6 6 5 5 4 4 4 4 3 3 2 2 2 2 2 1 1 1 1 1 1 1 1 0 0 0 0 0 0 0 0 0 0 0 1 0 0 0 0 0 0 0 0 0 0 0 0 0 0 0 0 0 0 0 0 0 0 0 0 0 1 2 2 3 3 3 4 4 3 4 6 6 7 7 7 7 7 7 7 7 7 7 8 8 8 7 8 8 8 8 7 6 5 5 5 5 4 4 5 4 4 4 3 3 2 2 1 1 1 0 0 0 1 1 2 3 4 6 7 7 7 7 7 7 8 8 8 7 6 7 6 4 4 4 4 5 5 4 3 3 2 1 2 1 1 1 0 0 0 0 1 1 1 2 2 2 3 3 5 6 7 7 7 7 8 8 7 8 8 8 7 7 8 8 8 7 7 7 7 7 7 5 3 3 3 3 3 2 2 1 0 0 0 0 0 0 0 0 0 0 0 0 0 1 1 1 2 2 1 2 3 3 4 6 7 7 7 7 7 7 7 7 7 7 7 7 7 6 5 4 4 4 5 5 4 3 3 3 2 1 1 1 2 2 2 2 3 2 2 2 1 1 1 0 0 0 0 0 0 0 0 0 0 0 0 0 0 0 1 1 1 1 2 4 3 2 3 3 4 4 4 3 2 2 2 2 3 2 1 1 1 1 1 1 1 1 1 1 2 2 2 1 1 1 0 0 0 0 0 0 0 0 0 0 0 0 0 0 0 0 1 2 3 4 5 5 4 4 5 4 4 3 3 4 5 5 4 3 3 3 4 4 5 6 7 7 7 7 7 7 7 5 5 3 4 3 2 2 3 1 2 2 4 4 4 3 2 3 3 2 2 3 4 5 5 6 7 7 7 6 6 7 7 6 5 5 5 4 3 3 3 4 4 3 3 2 1 1 1 1 0 0 0 0 0 0 0 0 0 0 0 1 1 1 2 2 3 5 6 6 6 6 7 7 7 7 7 7 7 7 6 4 4 5 6 7 7 6 6 3 2 2 2 1 0 0 0 2 3 3 3 3 4 5 3 2 1 1 1 1 2 2 2 2 2 2 1 1 2 3 3 3 3 3 2 3 3 3 3 3 3 2 1 2 2 2 2 2 3 3 2 2 2 1 0 0 1 1 1 1 1 2 3 4 5 6 7 7 7 8 8 8 8 8 8 8 8 8 7 8 8 8 7 7 6 5 4 4 3 2 2 3 3 3 4 4 6 7 7 7 7 6 6 5 4 4 4 4 4 4 4 4 4 5 4 4 3 2 2 2 2 3 4 4 3 4 6 7 7 7 7 7 7 6 5 3 1 0 0 0 0 0 1 2 2 2 3 3 4 4 3 3 3 3 3 2 2 2 2 1 1 0 0 1 1 1 1 1 2 2 2 2 2 2 2 2 2 3 3 3 2 3 3 3 3 3 3 3 3 3 5 7 7 8 8 8 7 7 6 6 6 5 4 3 3 2 1 0 0 0 0 0 0 0 1 2 2 4 4 4 4 4 5 4 3 3 3 2 2 1 1 1 1 0 0 0 0 0 0 0 0 0 0 0 0 1 2 3 4 4 3 3 2 2 2 1 1 0 0 0 0 0 1 1 2 2 2 3 3 3 2 2 2 1 0 0 0 0 0 0 0 0 0 0 0 1 1 1 1 1 1 1 0 0 0 0 0 1 4 2 1 4 7 7 7 7 6 7 7 7 7 7 7 8 7 8 7 7 7 7 8 7 7 4 3 5 6 4 4 4 4 3 4 5 6 6 7 8 8 8 8 8 8 8 8 8 8 8 8 8 8 7 7 7 8 8 7 7 8 8 8 8 8 8 7 7 8 7 7 6 5 5 5 5 5 4 3 2 2 2 2 2 2 1 1 2 2 1 1 1 0 0 0 0 0 0 0 1 2 2 1 1 1 2 3 4 4 4 5 6 6 6 7 7 7 7 7 5 3 4 4 2 1 0 0 0 0 0 0 1 1 2 3 3 3 3 3 2 1 1 2 2 1 2 2 2 2 1 1 1 1 1 1 1 2 2 3 3 4 3 2 2 2 2 2 2 2 1 1 1 1 1 1 1 2 2 2 3 3 2 2 3 3 2 2 3 2 2 3 3 2 2 2 2 1 1 1 1 1 0 0 0 0 1 1 2 3 4 3 3 2 1 1 1 1 1 2 1 0 0 0 0 0 0 0 0 0 1 2 2 2 3 5 5 6 4 4 4 4 5 5 4 4 3 2 2 1 1 1 2 3 4 4 4 6 7 7 7 6 6 5 5 5 4 3 3 4 3 3 3 2 3 4 4 6 7 7 7 8 8 8 8 8 8 7 7 7 7 7 7 7 7 7 7 8 8 8 8 8 8 8 8 8 8 8 8 8 7 7 6 5 3 3 2 1 1 1 1 1 1 1 1 1 0 0 1 0 0 0 0 0 0 0 0 0 0 0 0 0 0 0 0 0 0 0 0 0 1 1 0 0 0 0 1 1 1 0 0 0 0 0 0 0 0 1 3 4 6 6 7 7 7 7 7 6 8 8 8 8 7 6 8 8 7 7 8 8 8 8 8 8 8 7 7 5 2 2 4 2 1 1 0 0 0 0 0 0 0 0 1 1 1 2 2 2 1 1 3 5 6 7 7 7 8 8 8 7 8 8 8 7 7 8 7 8 8 8 8 8 8 8 8 8 8 8 8 7 6 6 5 5 5 5 4 3 2 1 0 0 0 0 0 0 0 2 3 3 1 1 0 1 1 1 2 1 1 3 3 2 2 3 2 2 2 1 1 1 0 0 0 0 0 0 0 0 0 0 1 2 3 5 5 5 4 4 5 5 5 6 5 5 5 6 6 7 7 8 8 8 8 8 7 7 6 5 4 4 5 6 7 7 7 7 7 7 7 8 8 8 7 8 8 7 7 6 5 4 2 1 1 1 0 0 0 1 0 1 1 1 1 1 1 0 1 0 1 0 0 0 0 0 0 3 4 4 3 4 5 4 3 4 4 4 4 4 5 5 6 7 7 7 7 6 7 7 7 7 7 6 5 6 7 7 8 8 8 8 8 8 8 7 7 5 4 4 3 2 1 2 2 3 3 2 1 0 1 0 0 1 1 1 2 3 6 6 7 8 8 7 7 6 5 5 6 7 7 6 6 5 5 4 3 2 0 0 0 0 0 0 0 0 0 0 0 0 0 0 0 0 1 1 3 3 2 2 2 2 2 2 1 1 1 1 0 0 0 0 1 0 0 0 0 0 0 1 1 1 2 3 4 5 6 7 7 7 8 7 7 5 4 2 2 2 1 0 0 0 0 0 0 0 0 0 0 1 2 3 4 4 4 5 6 7 8 8 8 8 8 8 8 8 8 7 5 4 5 7 8 8 8 7 7 8 8 8 8 8 8 8 8 8 8 7 6 6 6 6 6 4 2 2 2 2 2 2 2 1 1 2 3 4 3 2 2 1 1 1 1 1 0 0 0 0 0 0 0 0 0 0 0 1 1 1 2 3 3 5 6 7 7 7 7 7 7 7 7 6 6 4 3 3 3 3 3 3 3 4 6 6 7 7 7 8 7 7 7 7 8 8 8 8 7 7 7 7 7 6 6 7 6 7 7 7 7 7 7 7 7 6 7 7 6 6 6 6 6 6 6 7 6 6 6 7 7 8 8 8 7 7 8 7 7 7 6 5 5 4 3 3 2 1 1 0 0 0 0 0 0 0 0 0 0 0 0 0 0 0 0 0 0 0 0 1 1 2 2 2 2 2 3 4 6 6 7 7 7 7 8 8 8 8 8 8 7 7 7 8 7 7 7 7 8 8 7 8 6 4 4 4 2 2 4 4 4 3 3 2 2 2 1 1 1 0 0 0 0 0 0 0 0 0 0 2 0 0 0 0 0 0 1 1 0 0 1 3 3 2 2 1 2 3 4 4 5 5 6 5 4 3 3 4 5 4 4 4 4 3 3 3 4 3 1 1 1 0 0 1 1 0 1 1 1 0 1 1 1 0 1 1 1 1 0 0 0 0 0 0 0 1 1 1 1 2 2 2 1 0 1 1 2 2 2 2 2 3 3 2 1 0 0 0 1 2 1 1 1 1 1 1 1 1 0 0 1 2 2 2 3 3 4 5 4 3 3 4 6 7 7 7 7 7 7 7 8 7 6 5 5 6 4 2 1 1 1 1 0 0 0 0 0 1 1 1 1 1 1 1 0 0 0 0 0 1 1 1 1 1 1 0 0 0 0 0 0 0 0 0 0 1 1 2 3 4 5 6 7 8 8 7 7 7 7 7 7 7 6 4 2 2 2 2 1 1 2 3 3 1 1 2 2 2 2 2 2 2 1 2 1 0 0 0 0 0 0 0 0 0 0 0 0 0 0 0 1 5 7 7 8 7 7 7 7 6 6 4 5 5 5 5 4 4 3 2 2 1 1 0 0 0 0 0 0 0 0 0 0 0 0 0 0 0 0 0 0 0 0 1 2 2 1 0 1 2 2 2 2 2 0 0 0 0 0 0 0 0 1 1 1 1 2 4 4 4 3 3 3 2 2 2 2 1 1 0 0 0 0 0 0 0 0 0 0 1 1 2 4 4 4 4 3 2 3 4 4 4 3 4 3 3 2 3 4 4 5 5 5 6 6 7 6 5 4 4 3 2 3 4 4 3 4 5 5 4 4 4 4 4 4 4 4 5 5 5 3 2 1 0 0 0 0 0 0 1 0 0 0 0 0 0 0 0 0 0 0 0 1 2 2 4 5 5 6 6 6 5 6 7 6 5 4 3 3 4 6 7 7 7 8 8 8 8 8 8 8 7 8 8 8 7 7 7 7 5 2 1 1 0 0 1 2 3 3 3 3 3 5 7 7 8 8 8 8 7 7 6 5 4 2 0 0 0 0 0 0 1 1 1 2 4 6 7 7 7 7 7 7 7 7 7 7 7 7 8 8 8 8 8 8 7 8 8 7 8 8 8 8 8 8 8 8 8 8 8 8 8 8 8 8 8 7 7 5 3 2 2 1 1 1 0 0 0 1 1 2 3 4 4 4 4 3 5 4 5 4 3 5 2 5 5 5 6 6 7 7 7 6 1 3 5 5 6 7 7 7 7 7 7 7 7 6 6 4 2 1 1 2 1 0 0 1 1 2 2 3 4 4 4 4 4 3 3 2 2 2 3 3 2 6 7 4 2 1 1 1 1 1 0 1 0 1 0 0 0 0 0 0 0 0 0 0 0 0 1 1 1 1 1 1 1 2 2 2 3 3 4 4 4 4 3 4 4 6 7 7 7 8 8 7 7 2 1 5 5 5 6 6 5 5 6 7 7 7 8 8 7 7 6 5 4 4 3 2 1 3 3 2 3 3 2 2 3 3 3 2 2 3 5 7 7 7 7 7 6 6 7 4 3 3 4 5 4 3 3 3 2 1 1 1 0 1 1 1 0 0 0 0 0 0 2 2 4 6 7 7 8 8 8 8 8 8 8 7 8 8 8 8 8 8 8 8 8 8 8 8 8 8 8 8 8 8 8 8 7 6 6 5 4 5 6 6 7 6 7 7 7 3 1 1 2 2 0 0 0 0 0 0 0 0 0 0 0 0 0 0 0 1 2 4 3 3 2 1 1 2 2 2 1 1 1 1 1 1 1 1 0 0 0 0 1 2 3 4 3 2 1 2 1 0 0 0 0 0 1 1 1 0 0 0 0 1 4 1 0 0 0 1 1 0 1 1 1 2 1 0 0 0 0 0 0 0 0 0 0 0 0 0 0 0 0 0 0 1 1 1 3 4 5 6 7 7 8 8 8 7 7 6 6 6 6 5 4 4 4 4 3 3 4 3 3 2 2 3 2 1 0 0 0 0 0 0 0 0 0 0 0 0 1 1 1 1 2 4 6 7 8 8 8 7 7 7 7 7 7 6 4 3 2 2 4 5 4 4 4 5 5 4 5 6 3 1 2 1 2 3 3 5 5 5 4 4 5 4 3 2 2 2 3 6 6 6 6 5 5 4 4 4 5 6 6 6 5 2 1 2 2 2 3 4 4 4 4 5 5 5 5 5 6 4 3 3 4 3 4 3 3 3 4 4 5 6 7 7 7 8 8 6 5 3 3 4 6 7 6 5 5 4 3 4 3 2 1 1 2 3 4 4 3 2 3 4 2 0 0 0 0 0 0 0 0 0 0 0 0 0 0 1 1 2 2 5 5 5 2 2 0 2 7 7 7 8 7 7 6 5 5 5 5 4 4 6 7 7 7 7 7 6 6 4 1 1 1 2 3 4 4 1 1 1 2 1 0 0 1 2 1 1 1 2 3 3 1 2 0 0 0 0 0 0 1 2 2 1 3 2 2 2 2 3 3 3 2 1 1 1 2 2 2 1 1 0 0 0 0 0 0 0 0 0 0 0 0 0 0 0 0 0 0 0 0 0 0 0 1 1 1 1 1 2 1 1 1 0 0 0 0 0 0 0 0 0 0 1 1 3 4 4 4 5 6 6 6 6 5 5 4 4 3 2 3 3 3 3 3 3 4 4 3 3 3 5 6 7 7 6 7 4 2 2 1 2 1 0 0 0 0 0 0 1 2 4 4 4 4 4 4 2 1 0 0 1 1 0 0 0 0 0 0 0 0 0 0 1 0 0 0 0 1 1 2 3 5 7 7 7 7 7 6 6 6 4 2 1 2 1 1 1 1 1 1 5 5 5 4 4 4 0 1 0 0 0 1 1 1 1 1 2 3 3 4 4 6 6 7 8 7 5 4 6 7 7 7 7 7 7 7 7 7 7 7 7 7 6 5 5 6 6 7 7 7 7 6 5 5 6 7 7 6 6 7 7 7 7 7 7 7 7 7 6 6 7 7 8 8 8 8 7 7 7 5 4 3 2 2 1 0 0 0 0 0 0 0 0 0 0 0 0 2 4 5 7 7 8 8 7 7 6 3 2 2 1 0 1 1 1 1 1 0 0 0 0 0 0 0 0 1 1 0 1 1 0 0 0 0 0 0 0 0 0 0 0 0 0 0 0 0 0 1 2 2 2 3 3 3 3 2 1 1 1 0 0 0 1 1 1 2 1 0 2 4 4 2 0 1 2 1 0 1 1 1 1 1 1 0 0 0 0 0 0 0 0 0 0 0 0 1 4 4 4 4 4 3 3 4 3 2 3 3 3 3 3 3 3 4 4 5 5 6 6 7 7 8 7 7 7 6 5 4 5 7 7 8 4 4 5 4 1 1 5 5 5 3 1 0 2 3 5 5 4 4 4 3 2 1 2 5 7 7 7 8 8 7 3 7 8 7 7 7 8 7 7 7 7 7 6 5 5 4 4 3 3 5 6 7 7 6 6 7 6 1 1 2 2 2 2 1 2 2 2 2 2 2 2 2 2 1 1 0 0 0 0 0 0 0 0 0 0 0 0 0 2 4 3 2 1 0 0 0 0 0 0 0 0 0 0 0 0 0 0 0 0 0 1 2 2 1 2 1 0 0 0 0 0 0 0 0 0 0 0 0 0 1 0 0 0 0 0 0 0 0 0 0 1 0 0 0 0 1 1 0 0 0 0 0 